implementation = c_native
pid = 24544
tid = 21744
iterations = 1000000
parallel_chains = 4
loop_trip_count = 250000
remainder = 0
requested_affinity_mask = 0x1
previous_affinity_mask = 0xffff
priority_set = 1
thread_priority = 2
cpu_before = 0
cpu_after = 0
timer_kind = rdtsc
counter_start = 464523777995540
counter_end = 464523778467994
result = 7970363285000074209
cycles = 472454
cycles/iteration = 0.472454
cycles/add = 0.236227
