implementation = c_native
pid = 26308
tid = 11784
iterations = 500000
parallel_chains = 4
loop_trip_count = 125000
remainder = 0
requested_affinity_mask = 0x1
previous_affinity_mask = 0xffff
priority_set = 1
thread_priority = 2
cpu_before = 0
cpu_after = 0
timer_kind = rdtsc
counter_start = 464559093582212
counter_end = 464559093896358
result = 16920098497481858917
cycles = 314146
cycles/iteration = 0.628292
cycles/add = 0.314146
